[..####.] (2,3,4,5) (0,2,3,5,6) (1,4,6) (2,3,4) (0,5) {15,17,19,19,32,24,21}
[...#] (1,2) (1,3) (0,1,3) (3) {6,36,11,25}
[.###] (0,1) (0,3) (3) (0,2) (1,3) {14,19,7,36}
[#.###..] (1,3,4,6) (1,2) (2,4,6) (3,5,6) (1,3,6) (0,6) {1,42,32,35,39,5,56}
[....#.#] (1,3,4,5) (0,3,5,6) (0,3,4,5,6) (2,3,4,5) (2,3,4,5,6) (0,1,2,6) (2,6) (0,1,2,4) {49,54,81,68,79,68,62}
[##..] (0,2,3) (1,2,3) (1,2) {20,8,28,24}
[.#.#.###] (1,4,5) (0,1,2,3,6,7) (2,3) (0,1,3,4,6,7) (0,6) (1,2,3,6) {18,47,210,212,18,16,34,15}
[#...##..#] (3,4,6) (0,2,3,4,7,8) (1,2) (0,1,2,3,5,6,7) (0,1,6,7,8) (1,2,4,5,6,7,8) (3,5) (0,1,2,4,6,7,8) {37,35,29,35,38,17,45,43,42}
[#.###] (1,2) (1,2,3) (0,2,3,4) (0,1,2,4) {5,30,30,18,5}
[##.###.#.] (0,1,2,5,6,7) (0,1,2,4,6,7,8) (1,2,3,4) (0,1,2,3,6,8) (3) (0,2,3,6,7,8) (3,4,6,7) (1,4,5,6,8) (6,8) (0,1,4,5,8) {217,234,214,41,203,41,236,197,221}
[#.#.......] (0,2) (0,2,3,4,9) (2,3,5,6,8,9) (0,1,4,7,9) (2,5,6) (2,3,4,5,6) (2,5,8) (1,2,4,7,9) (0,2,3,4,7,9) (1,3,4,6,7,8,9) (0,1,3,4,6,8,9) (2,5,6,7,8) (0,3,4,5,7,8) {183,41,213,178,190,58,54,160,57,186}
[#..##..#..] (1,6) (0,3,5) (2,4,5,7,8) (0,5,6,7) (2,7,8) (1,6,9) (0,1,2,3,4,5,7,8,9) (0,1,2,3,4,6,8,9) {28,20,35,23,17,36,16,40,35,13}
[.#..##] (1,4) (0,3,4,5) (2,4,5) (0,1,3) (1,3,4,5) (2,3,4) (0,1,2,3,4) {22,26,33,35,69,34}
[#.#.#] (0,2,3) (0,2) (1,2,3) (0,1,4) (0) (2,3,4) {44,23,44,29,6}
[#.##] (1,2,3) (0,1,2) (0,1) (0,2,3) (2,3) {27,24,34,17}
[#..###..] (1,2,6) (3,5,7) (0,3) (2,3) (0,2,4,7) (0,4,5,6,7) (2,7) (7) (6) (0,1,3,5,6) {45,21,32,48,23,43,47,58}
[#.###...##] (0,1,3,4,7,8,9) (0,1,2,3,4,5,8) (5,6,8,9) (1,6,8) (1,2,3,4,6,8) (0,2,9) (0,5,7) (2,6,7,8,9) (1,2,4,5,8) {50,55,70,36,55,56,43,50,85,54}
[#####.#..] (0,2,5,8) (2,8) (1,2,5,6,8) (0,2,5,7) (0,1,2,3,5,7,8) (2,4,6,7) (0,1,4,5) (0,1,3,6,7,8) {75,66,75,38,36,67,46,58,73}
[##.##] (2,3) (1,2,4) (0,2,3) {7,12,25,13,12}
[#..##] (0,3,4) (0,2,3) (0,1,2,3,4) {25,1,15,25,11}
[..#.##..] (0,1,3,7) (0,2,3,7) (1,2,3,4,5,6) (0,1,2,5,6,7) (0,3,6) (2,5,6,7) {48,23,46,52,12,28,47,37}
[#..#..#.##] (4,5,6,8,9) (0) (0,1,6,7,9) (1,2,3,4,5,8,9) (0,1,2,6,7,8,9) (0,1,7) (3,5,6,7,8) (2,4,5,6) (1,2,3,4,6,9) (0,3,6,7,8,9) (0,2,4,5,6,7,8,9) (1,3,4,5,6,8,9) {36,35,15,28,33,36,56,41,50,50}
[....##.] (1) (0,1,2) (0,2,4,5) (2,6) (0,1,4,5) (1,3,4,5) (1,2,3,6) (1,4,5,6) {37,75,64,26,47,47,48}
[.#..##.#.] (0,2,3,6,7,8) (1,4,5) (0,2,3,6,8) (0,3,5,6,7) (1,3,4,5,6,7,8) (2,3,4,6,7) (0,3,5,7) (1,4,6,8) (0,5,6,7) {39,153,32,70,173,160,99,79,52}
[###...#.#.] (0,1,2,4,5,8,9) (0,1,3,5,6,7,9) (0,1,4,5,6,7,8,9) (7,9) (0,1,4,7,8,9) (1,5,9) (1,2,3,5,6,7,8,9) (0,1,2,6,8,9) (3,6,9) (1,2,5,6,7,8,9) (2,5,8) (4) {44,59,36,200,49,54,226,50,69,254}
[###.] (0) (1,2) (1,3) (0,1,3) (0,2) (0,1) {52,43,35,10}
[.##.#] (2,4) (0,1,2) (3) (0,3,4) {13,3,5,25,12}
[###..] (0,3,4) (0,1,4) (1) (1,2,4) (2,3,4) (1,3) (0,1) {18,171,162,22,177}
[.#...#.###] (0,1,2,4,6,8,9) (6,7,9) (0,1,3,6,7,8) (3,8) (2) (0,1,3,4,5) (0,1,2,4,7,8) (0,2,3,4,7,8,9) (0,3,4,6,7,8,9) {65,46,47,44,52,8,36,56,61,28}
[.#.#.###] (6,7) (1,2,3,4,5) (1,3,5) (0,3) (0,2) (0,1,3,4,5) (1,2,3,4,5,7) (0,1,2,3,5,6,7) {39,231,218,244,220,231,12,202}
[...###.#.] (0,1,2,5,7,8) (1,5,8) (4,7) (2,3,4,7,8) (2,8) (1,3,4,5,7,8) (2,5,6) (2,3,4,6,7) (5,8) (1,4,5,8) (0,1,2,6) {22,41,52,16,24,38,22,25,53}
[##.###] (0,1,3,5) (0,4,5) (2,4) (0,1,2,3,5) {164,163,5,163,4,164}
[##.#.#] (3,5) (0,1,2,5) (1,2,5) (0,1,4,5) (2) (0,1,2,3) (0,1) (4) {44,59,54,194,18,213}
[.#.#.....#] (1,2,3,4,5,6,9) (0,4,9) (1,5,8,9) (1,2,3,4,5,6,7,8) (3,4,5,8,9) (0,2,4,5,8) (2,4,7,9) (1,3,4,6,7,8,9) (0,1,2,3,4,5,6,9) (0,3,4) (0,1,2,3,5,7,8,9) (6) {64,85,75,99,105,105,70,48,91,98}
[.#.###.] (1,3,5) (0,3,4,5) (0,1,2,4,6) (2,4,5) (0,3,4,6) (2,3) (1,4) (0,1,2,3,5,6) {22,41,52,40,34,34,22}
[######.] (3,4,6) (0,1,2,5,6) (6) (0,3,4,6) (5) (0,1,3,4,5) (4) (2,3,5,6) (1,2,3,6) {19,14,8,35,41,23,37}
[##.#.##.] (3,5,6,7) (1,6,7) (0,1,7) (1,3,4) (0,2,4,5,6,7) (0,4,6) (1,3,4,7) {42,37,17,31,49,33,64,58}
[...##..#.] (1,2,3,4,5,6,8) (2,4) (0,3) (0,1,3,8) (0,6,7,8) (0,5,6,7) (2,5,6) {40,17,35,31,34,28,40,24,29}
[#....] (2,3,4) (0,1,2,3) (0,2,3,4) (0,1,4) (3,4) {23,22,19,39,43}
[.##.] (1,2) (0,3) (2) {2,17,33,2}
[.#.####.#.] (0,1,2,3,5,6,8,9) (0,1,3,5,6,8) (0,1,2,3,4,6,7,8) (0,2,8) (3,4,5,7,9) (0,8,9) (1,5,6) (0,1,2,4,5,6,8,9) (0,1,3,4,5,6,7,9) (1,2,3,4,5,7,8,9) (0,1,2,4,6,7,8,9) (3,7) {70,61,56,55,56,72,52,41,62,70}
[##..##.] (0,2,3,5,6) (0,1,3,6) (0,2) (4,5) (1,2,3,5,6) (0) (1,5) {161,27,158,166,20,191,166}
[.###.##] (0,3,6) (1,2,6) (0,5,6) (0,1,2,4,5) (1,2,3) {31,27,27,22,2,22,41}
[.#.#] (0,2,3) (1,3) {5,16,5,21}
[#...##.#] (1,4) (1,3,4,5,6,7) (0,3,4,5) (6) (0,1,2,3,5,6) (0,1,2,3,4,6,7) (1,5,6,7) (0,3,4) {50,35,21,53,55,23,35,19}
[#..####..] (5,6) (1) (0,3,8) (0,5,6,7,8) (0,3,4,6,7) (0,1,3,8) (2,3,5,6,7) (1,2,3,4,7,8) {55,48,20,74,29,18,36,39,48}
[#....] (1,2,3,4) (0) (0,3) (0,1,3) (0,2,4) {32,22,9,36,9}
[.#.###] (2,4) (0,2,3) (3) (1,2,3,4) (0,1,5) {15,15,9,15,8,14}
[####.#...] (3,8) (1,3,4,5,6) (0,1,2,3,4,6,8) (1,4,5,7) (0,3,5,6,7,8) (0,1,2,3,5,8) (0,1,4,5,6,7,8) (0,5) (1,2,3,4,5,6) (0,1,4,8) (1,2,5,6,7,8) {68,84,30,64,76,98,79,63,70}
[.#.#] (1,3) (0,2) {14,159,14,159}
[...######.] (0,2,3,4,7,8,9) (1,3,6,8,9) (0,3) (5,9) (0,1,6,7,8) (0,1,2,4,6,7,8) (2,4,5,6) (5,7,8,9) (0,1,2,3,7,8,9) (5,7) (3,6,8,9) {29,32,26,31,23,37,43,53,53,37}
[...##.#] (1,2,6) (2,3,5,6) (0,1,6) (0,2,3) (0,1,4) (1,2,4,5) {38,50,50,25,33,28,29}
[.#.##] (3) (2,3,4) (2,4) (1,3,4) (1,3) (0,2,3) {18,31,25,59,19}
[##...] (0,1,4) (0,1) (1,4) (2,4) (2,3,4) (1,3) (1) {17,37,9,3,28}
[.#......] (2,6,7) (1,2,5,7) (0,1,2,7) (1) (2,5,7) (0,5,6) (2,4) (3,6) (0,3,4,7) (3) {26,26,42,54,17,27,40,57}
[##..#.] (1,2) (0,1,2,5) (0,2,3,4,5) (3,5) {35,32,50,38,18,55}
[#..#] (0,1,2) (1,2) (2) (0,3) (1,2,3) {196,23,33,210}
[#.#.###.#.] (0,1,4,5,6,7,8,9) (2,3) (0,1,4,5,8) (1,3) (0,1,3,6,9) (0,1,3,4,5,6,8,9) (0,2,4,5,6,8) (0,2,3,4,6,7,9) {57,45,24,49,39,24,45,16,24,38}
[##...#..] (0,1,2,5,6,7) (1,3,4,5,6) (1,3,7) (1,7) (1,2,6) (2,5) (0,4,7) (0,1,2,5) {40,56,56,8,3,48,25,31}
[#.#...#.##] (1,2,3,4,5,8) (0,1,5,7,8,9) (0,2,3,4,6,7,8,9) (0,1,2,3,4,7) (6) (0,1,2,3,4) (0,1,8,9) (1,5,6,7,9) (3,4,5) (0,2,4,5,6,8,9) (1,6,8) (0,1,3,5,8) (7,9) {30,56,17,202,198,227,40,55,40,53}
[...##.##.] (0,1,2,5,6) (0,7) (1,3,4,5,7,8) (0,1,5,6,7,8) (0,1,3,5,6) (1,2) (0,2,4,6,8) {60,57,26,25,19,49,44,41,32}
[......#.##] (0,5,9) (1,3,6,7,8) (2,4,5,6,7) (1,3) (0,1,9) (1,7) (0,2,3,4,5,6) (3,4,5) (0,2) (2,3,4,5,6,8,9) (0,1,2,4,5,6,8,9) {34,43,46,54,37,46,49,37,29,23}
[#.#..] (0,2) (1,2,4) (0,1) (0,3,4) (1,2) {16,23,30,1,14}
[.###.#.] (0,1,3,5,6) (1,2,3,4,5) (6) (0,1,2,3,5,6) (1,4,5) (1,2,3,5) (1,2,4,5,6) (3) (0,1,5) {18,42,34,45,14,42,24}
[##..] (2,3) (0,1) (0) (1,2) (0,1,2) (1,3) {33,58,40,21}
[#.###....#] (1,4,5,7) (0,1,2,3,4,5,6,8,9) (3,5,7,9) (1,2,3,5,6,8,9) (0,2,3,7) (0,7) (1,2,3,4,5) (1,2,5,6,8,9) (1,9) (0,1,3,4,5,7) (0,1,3,4,5,6,7,8) (2,5,8) {66,87,76,68,48,99,44,80,57,75}
[#...##.] (0,2,3,5) (1,2,3,4,6) (1,3,4,5) (0,1,3,4,5,6) (2,4) {18,21,39,33,37,22,17}
[...#.] (0,4) (1,2,3,4) (0,1,2) (0,1,4) (1,4) (0,1,2,3) (0,1,3) {65,72,47,46,39}
[..####.] (0,1,2,5) (1,2,3,6) (0,2,3,5,6) (0,4) (1,2,4,5,6) (1,2,4,5) (0,3,4,6) {187,193,211,22,42,209,39}
[#..#####] (6) (3,7) (2,6) (0,3,4,5,7) (3,5) (1,5) (1,3,7) (0,1,6) {27,38,10,54,12,50,34,35}
[####] (1,2) (0,3) (2,3) {15,13,27,29}
[...#] (0,2) (1,2,3) (2) (1,2) {1,31,44,19}
[##....] (1,2,4,5) (1,2,3,5) (0,1,4,5) (0,2,4,5) {6,20,26,6,20,26}
[#..##....#] (0,2,4,5,9) (0,1,2,3,4,5,6,7) (0,1,3,4,6,8,9) (0,1,2,4,5,7,8,9) (2,3,5,6,7,8,9) (0,3,8) (0,2,5,7,8) (0,1,2,5,7) {64,36,48,21,31,48,18,34,32,32}
[###.#.] (0,1,2,4) (2,5) (0,1,3,5) (0,1,3) (0,1,2) (4,5) {19,19,19,13,13,33}
[##.#..#] (3) (0,3,4,5,6) (1,2,4,5) (1,2,3,4,5,6) (0,1,2,3,5,6) (2,5) {20,32,32,45,18,35,28}
[###.####] (0,4) (1,2,3,4,5,6,7) (1,2,3,4,7) (0,2,4,6) (0,1,2,4,5,6,7) (0,1,2,3,6,7) {49,33,49,26,61,22,45,33}
[###.] (1,3) (0,1,2) {20,23,20,3}
[..#.##.#] (1,4,5,6) (0,3,4) (0,3,4,6,7) (0,2,3,4,5,7) (0,1,5) (2,3,4,5,6) (0,1,3,4,5,6,7) (2,3,4) (5) {46,26,32,56,59,54,36,23}
[...#..#.] (1,6) (0,4,6,7) (0,3,4,5,6,7) (0,1,3,4,5,6,7) (2,4,5,6,7) (1,2,3,4,5,6) (0,2,5,7) (0,2,3,7) (4,5,7) (2,3,4,7) {44,35,52,55,106,85,77,93}
[.##...] (2,4,5) (0,3) (1,2,4,5) (0,4,5) (1,4,5) (0,2,3,4,5) {26,11,9,18,21,21}
[.###] (0,1,2) (1,2,3) {6,141,141,135}
[.#.###] (0,1,2,3,4) (0,2,5) (1,3,4,5) (0,1,2,3,5) (1,3,4) (2) (2,3,4,5) {43,48,81,68,52,52}
[####.#....] (0,1,2,3,4,5,8,9) (3,5,7,9) (0,1,9) (7) (5,9) (2,3,4,6,7,8,9) (2,6,8) (9) (1,3,9) (1,2,3,4,5,6,8,9) (0,1,3,4,5,6,8,9) (7,8) (0,3,4,5,7,8) {36,38,32,67,52,38,38,66,67,72}
[.#.#...#..] (0,3,4,6,7,9) (0,1,3,4,5,6,9) (0,3,4,5,8,9) (5,6) (0,1,2,3,6,8,9) (2,4,7,9) (1,3,4,6) (0,2,4,6,7,8) (0,1,2,4,6,7,8) (3,5,6,7,8,9) (1,3,4,5,6,7) {187,41,44,189,226,165,70,59,179,175}
[...#....] (0,2,3,5,7) (0,1,2,4,6,7) (7) (2,3,5) (0,3,5,7) (3,6) (0,3,6,7) (0,2,3,4,5,6,7) (1,5) {88,33,55,85,33,75,61,106}
[.##.##.#] (0,2,6,7) (0,1,3,4,7) (0,1,6) (0,2,3,4,5,7) (1,5,7) (0,1,2,3,4,5,6) (2) (0,1,4,5,7) (0,4,7) {42,45,14,19,24,20,20,44}
[#..##] (2,3,4) (1,2,4) (0,3,4) {20,9,21,32,41}
[#.##..##] (0,1,6,7) (0,1,3) (1,3,4,5,6) (0,1,2,3,4,5,6) (1,5,6) (0,3,4,7) (0,1,2,3,6) {51,72,15,47,28,40,54,18}
[..#.#] (2,3) (0,2,4) (1,3) (3,4) {5,148,17,178,23}
[####..] (1,3) (0,1,2,4) (0,2,3) (0,1,3,4,5) (0,1,2,3,4) {48,45,44,40,34,4}
[#..###.] (1,2,5) (1,2,4,6) (1,2,3,4,5,6) (0,1,2,4,5,6) (0,3,4,5) (0,5,6) {213,211,211,16,220,220,208}
[#####..] (0,1,3,4,5) (6) (1,2,3,4,5) (0,5) (1,4,5,6) (0,1,6) (1) (1,2,4,5,6) (0,3,6) {25,74,25,22,51,61,183}
[#.##.] (0,3) (1,3) (2,4) (0,2,3) (1,3,4) (0,1,2) (1) {24,32,27,29,20}
[##....] (3,5) (0,2,3) (1,3) (0,2,4,5) (2,3,4,5) (0,1,2,3,5) {16,4,27,23,25,33}
[#.######..] (0,1,4) (0,7,8) (0,1,2,3,7) (0,3,4) (0,2,3,5,6,7,8,9) (0,1,3,4,6,8,9) (7,9) (1,2,3,4,6,7,8) (1,3,4,6,8) (1,4,5,7,8) (1,2,3,5,6,8,9) (1,2,4,5,8,9) (0,2,4,5,7,8,9) {88,59,82,68,68,55,37,104,93,45}
[.#.##.] (2,3,4,5) (0,2,3,4) (0,2,3,5) (2,5) (0,2,4) (1,2,3,5) {42,12,76,44,37,43}
[.##.###.##] (0,3,7,8,9) (1,2,4,6,8,9) (0,1,3,4,5,6,7,9) (1,2,3,4,6) (9) (1,2,3,4,6,8,9) (0,1,4,5,8) (1,2,4,5,6,8,9) (2,8) (0,1,2,3,5,6,7,8) (0,1,5,6,7,8) (1,2,4) {50,88,58,39,53,65,79,42,78,44}
[#.#..] (0,1,3) (0,1,2) (0,2,4) (0,3) {59,34,31,28,13}
[....##] (0,3,5) (1,2,5) (4,5) (0,1,2,3) (2) (1,2,4) (2,4,5) {103,131,136,103,25,19}
[#.##....#.] (1,2,4,6,8) (3,8) (3,9) (7,8) (0,2,3,4,8,9) (4,7) (1,2,3,5,9) (0,3,7,8,9) (4,6,7,9) {23,27,46,48,56,13,30,28,44,58}
[###.##] (4,5) (0,1,2,4,5) (3,5) (0,1,2,3) (2) {15,15,30,20,16,29}
[...##.....] (0,1,3,4,5,6,8,9) (0,1,2) (1,2,5,8) (1,2,3,5,6,8) (1,5,6) (4,5,7) (0,1,3,4,5,7,8,9) (1,2,3,7,8) (0,1,6,8,9) {39,101,55,52,37,79,48,47,74,29}
[.....#.] (1,2,4) (3,5,6) (1,2,3,4,6) (0,2,6) (2,3,4,5) (0,1,2) (0,1,3,4) (0,1,3,4,5) {63,60,59,57,54,26,40}
[#.#..#.#.#] (0,2,5,7,9) (0,2,5,6,7,9) (0,1,2,4,6,7,8) (0,1,3,6,7,8,9) (1,2,4,5,8) (1,2,3,4,7,8,9) (0,2,3,5,6,8) (0,1,2,4,5,6,7) (4,7,8,9) (1,3,6) {51,196,203,35,183,195,51,37,212,25}
[.#....##.#] (4,9) (0,1,6) (5,8) (1,2,4,5,6,9) (0,1,3,4,7,8) (3,4,5,6,7) (1,5,6) (2,6,7,8,9) (0,6,8) (0,1,2,4,6,7,8,9) {25,39,36,14,38,52,69,34,52,37}
[..#.#.] (1,2) (2,3) (0,2) (0,1,3,4) (2,3,5) (0,1,3,5) (4,5) (0,1,2,3) {47,32,46,53,23,36}
[..####.###] (1,4,5,7,9) (0,1,2,4,5,6,7,9) (2,3,4,5,7,8,9) (2,3,4,5) (0,1,3,4,5,6,7,8) (0,2,5,7,8,9) (3,4,5,7) (0,1,8) (0,2,4,5,7,9) (6,8) (0,2,3,4,5,7,8,9) {87,50,76,52,86,102,31,88,65,68}
[#..#.] (0,3) (1,4) (2) (0,3,4) (1,2) (1,2,3) {22,15,25,31,18}
[#..#.] (0,1,2,4) (0,4) (0) (0,2,3) (0,1,2) (0,2) {63,34,48,13,31}
[#.###.] (0,1,2,5) (2,3,4,5) (1,2) (1,3,4) (0,1) {21,45,36,23,23,23}
[....##..] (0,2,3) (2,3,4,5,7) (0,3,5,6) (1,2,5,7) (0,1,4,5) (1,2,3,4,6) (2,6) (0,1,4,6,7) (1) (1,4,5,6,7) {63,75,49,43,67,54,56,45}
[####.####] (1,4,5) (0,2,4,5,6,7,8) (2,3,4,5,8) (0,2,3,4,5,7,8) (2,4,6) (0,1,2,3,4,6,8) (0,2,4,5) (0,2,3,4,6,7,8) (0,1,3,8) (2,5,7,8) {56,33,87,50,80,52,54,48,76}
[#.##.#.##.] (3,4,5,8,9) (0,1,4,6,7,8,9) (1,2,3,5,6,7,8,9) (1,2) (4,6) (1,2,3,5,6,7,8) (3,5) (0,2,3,4,8) {19,44,57,237,225,221,52,35,240,206}
[.#.#...#.] (0,2,4,6,7) (0,1,2,3) (0,1,2,3,4,6,8) (0,3,4,5) (1,2,5) (0,1,4,5,6,8) (6,7) (2,6) (3,4,5) {50,43,54,50,45,33,40,22,14}
[..##] (0,2) (0,2,3) (0,3) (0,1) {27,5,20,22}
[.#...#...#] (9) (3,5,6) (3,6) (0,1,2,6,9) (1,6,7,8,9) (4,5,6) (0,2,3,4,7,8,9) (1,7) (0,3,5,6,7) (1,2,3,4,5,6,8) (6,9) (1,4,6,7,8,9) (0,1,2,4,5,6,7,8) {63,90,63,82,72,78,154,88,75,96}
[#..##.] (0,1,2,3,4) (2,3) (1,2) (1,4,5) (4) (0,1,4) (0,5) (0,1,3,5) {41,58,41,39,51,23}
[#####] (1,2,4) (0,2,4) (2,3,4) (1,2,3) (0,1,4) (0,1) {32,42,50,23,50}
[.###...] (0,2,3,4,6) (0,1,3,4) (0,1,2,4,5,6) (0,2,3,5) (1,5,6) {40,182,28,34,24,186,176}
[.#.#.####] (0,2) (0,2,3,6,8) (1,2,3,5,6,7,8) (0,5,6,7,8) (1,3,4,5,7) (0,3,5,6,8) (1,3,5,6,7,8) (1,4,5,7,8) (1,3,4,5,6,7,8) (3,5,7,8) {45,35,11,62,34,73,58,53,67}
[##..###] (3,4) (0,1,3,4,6) (0,2,3) (0,1,4,5,6) (1,2,5,6) {28,33,25,30,22,17,33}
[##..###] (0,1,2,3,6) (0,2) (0,2,4,5,6) (0,1,3,4) (0,2,3,4,5) (3,5,6) (4,6) (0,1,2,3,5,6) (2,3,5) {145,3,159,138,150,155,49}
[.#..###.] (0,1,2,4,5) (0,2,5) (1,3,6,7) (5,6) (0,1,4,5,6,7) (0,1,2,4,5,6,7) {225,47,207,10,37,227,31,29}
[.#.#.#] (0,3,4) (0,1,2,3,4) (2,3,4,5) (0,2,3) (2,4,5) (0,1,2,4) (0,2,4,5) {44,17,56,31,43,25}
[.#..#] (0,1,2) (3,4) (0,1,3) (0) (1,4) (0,2) {23,9,15,22,23}
[##..] (1,2) (0,1,3) (0) (1,2,3) (0,3) (2,3) {20,30,26,22}
[#..####] (0,1,2,3,5) (0,3) (0,2,3,4) (0,1,2,4,5) (0,1,3,6) (3,4) (0,3,4,5,6) {59,25,33,66,48,42,21}
[..#.##..#] (2,8) (0,1,2,6,7,8) (7,8) (0,1,2,8) (0,1,3,4,5,6) (3,6,7) (0,6) (0,1,4,5) (0,4,5,7,8) (6) (1,2,3,4,5,7) {42,22,8,14,25,25,31,38,31}
[.#..#.] (1,2,3,4) (1,2,5) (1,2,3) (0,3,5) (0,1,3,4) (0,1,2,3,5) (0,1,3,5) (2,3) {38,73,69,85,27,39}
[##..#####] (1,2,3,4,5,6,7,8) (0,7) (0,1,2,3,4,8) (0,1,2,6,7) (3,5,6) (0,1,3,4,5,6,7,8) (0,1,3,6,7) (0,2,3,4,5,6,7,8) (0,1,2,4,5,8) {76,68,40,71,47,46,56,43,47}
[#...] (0,2,3) (0,1) (2,3) {2,1,141,141}
[...#..#.##] (0,2,6,7) (0,1,2) (0,5,8,9) (2,4,8) (0,2,5,7) (1,6,7) (1,4) (0,3,6,9) (0,1,4,7,8,9) {49,35,31,14,15,7,37,32,4,18}
[.#...##..] (3,5,7,8) (1,4,6) (1,4,5,6,7,8) (1,2,4,5,7,8) (1,5,6) (2,5) (0,2,7) {4,29,29,7,29,37,10,35,31}
[##..#.#.] (1,2,3,4,5) (1,2,3,5,6,7) (0,1,2,6) (1,2,3,4,5,6) (0,1,6,7) (0,3,4,5,6,7) {156,184,65,68,51,68,192,156}
[..#..] (0,2,3) (0,3) (1,2,3,4) {189,13,200,202,13}
[#...] (1,3) (1,2,3) (1) (0,1,2) (0,1) (0,3) {202,69,27,174}
[##....] (2,4,5) (0,1,3,4) (0,2,4,5) (1,2,3,4,5) (1,3,4,5) (0,1,5) {37,46,40,29,55,64}
[.#.##] (1,3,4) (1,2) (4) (0,2) (0,1,2,4) {22,39,42,6,22}
[.#.#] (0,2,3) (1,2) (0,2) (1,3) {22,18,23,23}
[.##.##.#..] (1,6) (0,2,3,4,5,7,9) (0,1,2,7,9) (2,4,7,9) (0,1,2,3,6,8) (1,2,4,5,6,7,8,9) (0,2,4,5,7,8) (1,2,3,4,5,7,8,9) (0,1,2,4,6,8,9) (0,2,3,4,5,6,7,8) {60,54,85,18,60,30,34,61,49,65}
[...#] (0) (1,2,3) (3) (0,3) (0,2) {17,16,19,30}
[#.#..#.] (0,1,3,4,5) (1,2,3,4,5) (3,5,6) (0,4) (1,4) (1,2,3,5,6) (0,1,2,4,5) {25,69,54,38,56,56,20}
[#..#.#.#.] (0,1,4,6,8) (2,5,6) (0,1,3,6,7,8) (1,2,3,4,6,7,8) (0,3,4) (0,1,7,8) (5,6) (0,1,4,5,6,8) (0,1,2,4,6,7,8) (0,7) (1,3,4,5,6,8) {42,73,37,42,55,49,85,42,73}
[.#.##.#.] (0,4,5) (0,3,4,5,6,7) (3,5) (2,3,4,5,6,7) (0,1) (0,5,6,7) (0,1,2,3,5,6) {58,23,21,42,32,66,40,24}
[#.#....###] (0,3,6,7,8,9) (1,2,5) (0,1,2,3,5,6,8,9) (0,2,3,6) (0,3,4,5,6,7,8,9) (0,1,2,4,5,6,7,8,9) (1,4,5,7) (0,2,5,6,7,8,9) (0,1,2,3,4,5) (2,4,5,7) {67,58,69,58,54,91,57,64,50,50}
[##.###.#] (1,3) (3,5,7) (4,5) (1,5,7) (0,2,5,7) (0,1,3,7) (0,1,2,4,5,6,7) (0,1,3,6) {43,53,22,31,20,48,27,48}
[##.#.] (0,1,3) (0,2,4) (1,4) (1,2,4) {21,33,28,7,40}
[#..#####.] (0,1,3,6,8) (0,3,4,7,8) (1,6) (1,2,3,5,6,7) (1,2,3,4,5,6,7,8) (2,6) (0,2,3,4,5,7) (0,1,2,3,4,6,7,8) (0,1,3,4,5,6,8) {44,51,25,52,40,17,52,38,45}
[#..#..#..] (0,1,2,4,5,8) (0,1,2,3,5,6,8) (3,5,7,8) (0,1,3,6,8) (0,5) (2,5) (0,1,4) (0,8) (0,3,6) (0,2,3,4,5,6,8) {246,193,46,44,185,58,43,1,66}
[#.#.##.##.] (8) (1,2,3,5,8) (3) (2,4,8) (0,1,2,4,5,6,8,9) (0,1,3,4,6,8) (1,3,6,8) (1,2,4,5,6,7,8,9) (2,3,4,7,9) (0,2,4,5,7,8) {33,38,69,52,66,39,29,27,74,28}
[###.#.] (0,1,2,3,4) (1,2,5) (1,3) (1,2,3,5) {8,41,25,30,8,17}
[#..###...] (0,4) (3,4) (0,1,2,3,4,5,6,8) (0,1,2,3,4,6,7,8) (2,3,5,6,8) (0,1,3,4,5,7,8) (1,4) (1,2,3,5,6,7) {35,240,59,71,240,55,59,28,41}
[.#.##.##] (1,2,3,4,5,6,7) (0,1,2,3,5,6) (0,1,2,3,4,7) (0,1,3,4,5,6,7) (0,3,4,6) (2,6) (0,1,5,7) {69,54,42,66,56,34,55,44}
[..#......] (0,2,3,4,5,7,8) (1,2,8) (1,3,8) (0,1,2,3,4,5,7,8) (0,1,5,6,7,8) (3,4,5,6) (1,3) {23,33,20,28,17,29,18,23,39}
[.#...###] (2,3,4,5,6) (6,7) (0,1,3,5,6,7) (0,1,2,4,5,7) (1,3) (2,5) (1,2,4,5,6) (2,4,7) (1,4,5,6) {31,204,38,170,42,69,55,51}
[#..#.] (0,1) (2,3) (2,4) (0,2,3) (0,1,3) {24,9,36,23,17}
